764 792
253 819
828 392
527 823
828 509
716 457
780 732
823 43
791 258
442 825
785 559
697 10
828 354
781 784
800 254
215 767
286 824
679 82
417 826
750 18
766 103
803 700
710 807
813 761
551 828
387 828
605 820
313 823
525 682
143 820
415 824
809 725
824 205
306 724
241 827
678 374
227 738
607 755
739 782
825 511
766 798
385 828
537 816
708 458
230 828
436 719
828 560
828 604
183 685
328 731
719 628
600 821
33 818
808 811
740 769
813 680
371 828
698 52
484 817
154 782
11 745
828 244
759 783
448 700
189 818
823 505
249 739
81 828
705 599
683 80
822 516
819 803
465 799
329 817
776 804
823 159
815 536
717 416
723 121
820 49
713 149
746 126
562 819
671 768
724 229
824 301
268 757
828 408
296 827
760 98
528 693
828 414
810 769
809 826
361 826
828 122
128 827
730 776
798 802
359 827
74 746
728 797
563 826
827 368
543 718
827 213
806 767
801 762
617 676
706 804
738 683
806 811
304 815
279 828
130 826
728 793
683 299
693 806
785 571
192 741
739 714
825 565
475 826
545 696
89 795
132 821
234 826
717 193
105 822
662 827
827 181
701 807
58 688
245 723
348 828
369 826
395 694
799 276
305 818
389 797
811 691
800 793
747 73
738 810
791 774
311 739
138 824
272 695
716 778
375 816
727 479
613 822
818 288
762 792
828 472
827 140
478 699
697 61
554 763
462 712
21 782
819 532
178 826
780 775
676 801
228 732
342 722
691 349
794 771
131 744
827 24
734 802
370 735
761 191
232 772
821 57
357 761
468 819
828 206
576 679
778 773
783 779
453 714
695 397
807 711
654 689
421 742
823 390
330 824
730 735
828 379
507 819
787 686
802 808
259 825
810 706
828 289
679 48
640 734
718 583
790 22
696 786
823 298
561 746
334 758
401 822
668 821
224 675
724 773
794 796
783 753
790 775
549 687
652 827
124 825
402 828
828 519
709 146
252 819
800 83
746 53
778 238
805 823
742 786
828 655
380 687
284 718
393 825
821 454
502 733
694 783
768 769
119 828
744 774
827 188
459 684
816 317
771 772
826 231
822 190
216 693
816 266
461 821
327 817
350 827
759 220
806 710
155 748
802 781
793 785
670 827
820 176
814 740
598 772
776 774
742 770
813 821
804 751
821 612
826 405
585 828
827 185
8 827
816 471
826 452
488 828
355 740
147 820
54 828
827 548
828 273
698 177
687 808
764 476
665 779
144 726
293 828
723 726
636 742
760 106
419 828
364 826
828 512
721 751
812 700
788 765
828 320
828 137
381 828
778 784
709 801
758 815
771 382
282 821
737 422
827 363
733 265
684 584
522 828
758 157
109 767
145 705
684 79
748 533
92 817
777 781
504 818
737 337
800 775
352 827
688 400
725 36
772 812
208 826
686 110
645 688
827 209
31 757
800 292
501 728
622 729
797 771
813 733
72 762
827 300
657 817
399 828
699 483
660 710
378 823
23 815
270 820
737 797
716 319
805 810
129 828
827 84
750 550
824 39
621 826
712 418
801 766
736 814
737 731
769 791
593 774
714 65
811 743
169 745
827 136
477 824
785 749
410 705
720 816
78 827
222 734
647 826
799 175
219 820
677 803
682 280
60 824
807 688
51 828
167 828
691 787
689 812
437 825
828 394
570 816
828 597
753 445
827 404
729 777
809 675
114 821
818 639
759 226
807 801
814 817
734 770
77 819
606 680
589 827
730 163
555 702
795 813
669 824
302 826
770 780
260 825
793 776
666 822
827 620
827 262
789 808
792 718
211 818
805 801
704 331
685 811
197 826
814 818
797 773
324 796
592 781
758 423
677 383
474 755
749 70
529 826
56 815
218 828
223 799
818 482
795 568
715 810
707 782
750 240
710 499
823 500
777 784
786 788
795 649
440 786
826 248
680 814
822 237
728 785
706 473
409 826
790 487
721 14
594 685
610 825
214 765
772 775
807 698
757 805
676 283
795 791
695 634
802 768
344 824
822 547
827 449
12 736
799 724
713 632
822 619
828 413
706 801
85 827
824 447
828 45
776 740
708 615
828 498
795 796
572 738
678 534
7 825
435 825
780 767
789 93
820 467
1 827
698 429
64 749
755 794
826 251
809 720
734 771
713 809
689 747
50 822
112 681
148 778
784 780
828 524
828 225
582 818
748 438
717 681
250 828
736 508
702 495
686 5
391 759
747 520
794 754
624 735
822 542
63 823
789 813
751 788
796 788
44 824
111 823
826 135
754 650
731 221
255 824
828 466
635 755
827 643
760 164
786 779
704 243
827 656
816 71
673 689
32 827
236 824
108 815
602 735
802 806
247 720
664 716
463 828
663 821
115 719
690 802
679 812
703 107
515 828
318 822
692 470
100 752
787 781
690 450
711 388
821 267
772 804
819 644
826 174
699 729
428 828
285 797
692 763
811 790
717 510
805 709
825 101
716 68
530 825
95 828
801 682
362 680
723 158
696 596
825 204
340 822
756 623
779 386
701 308
590 819
692 372
735 424
199 824
406 828
553 818
827 75
779 764
819 133
217 828
752 351
793 812
566 733
123 736
814 820
151 820
788 742
741 345
726 781
492 815
744 794
793 586
826 631
807 743
761 9
826 358
702 814
787 784
16 703
88 819
803 705
677 464
491 800
752 798
47 828
828 40
803 695
741 777
694 91
722 762
821 325
336 764
630 692
720 805
711 556
729 812
747 420
773 810
489 675
816 4
777 812
514 828
803 806
780 786
376 815
822 207
591 821
777 638
338 766
763 17
703 804
768 792
722 703
789 751
769 773
76 826
322 828
94 828
798 719
809 789
820 658
752 806
707 2
769 757
819 485
738 792
809 697
290 828
321 740
817 307
828 46
172 825
281 823
826 398
201 820
721 426
747 323
765 792
794 790
316 828
443 822
257 817
767 608
817 59
34 827
755 633
494 799
815 165
765 356
823 120
821 541
728 818
820 235
314 826
799 717
779 685
490 821
749 66
212 761
38 823
816 618
787 171
811 782
822 187
90 721
825 343
758 439
396 823
723 67
826 180
310 756
756 784
676 661
750 814
823 367
575 828
233 822
827 432
828 546
704 486
725 651
828 97
825 309
704 803
274 725
373 715
823 99
818 246
812 722
353 828
444 722
732 813
768 791
748 788
828 616
796 800
823 271
817 315
653 696
762 481
701 513
828 28
819 425
760 770
813 774
261 741
173 753
287 745
827 523
759 807
826 611
823 814
808 770
506 820
694 366
808 677
827 517
196 818
827 446
30 828
697 13
828 256
824 646
681 451
804 712
820 15
730 407
764 156
531 818
496 731
798 805
161 828
708 802
690 803
746 773
827 303
827 434
603 828
333 817
828 179
727 269
828 569
678 730
776 787
55 820
828 182
702 795
775 748
726 295
824 139
113 681
104 826
682 347
749 339
41 822
581 819
134 713
683 810
813 825
827 480
822 186
574 816
20 828
827 86
403 828
579 775
538 828
819 625
672 825
791 792
715 805
455 690
699 142
87 824
540 828
0 828
796 753
577 824
743 790
521 686
557 707
809 778
828 433
62 752
346 818
42 825
828 210
659 823
469 817
822 808
828 411
708 377
684 804
667 828
823 326
642 825
820 578
820 150
763 726
821 497
184 828
441 818
239 827
824 25
141 823
825 595
827 170
828 3
806 675
263 700
203 819
797 794
816 332
813 828
814 824
360 820
826 648
757 812
828 567
765 69
827 789
774 782
804 756
727 745
526 827
785 783
27 770
824 195
811 724
493 754
825 152
828 614
711 727
166 754
810 763
783 798
693 200
341 817
365 737
816 564
744 771
277 720
821 335
828 117
817 588
712 601
819 627
826 558
811 715
714 808
827 412
194 701
707 460
6 731
709 37
674 796
827 162
26 826
725 518
816 626
35 743
202 822
798 153
573 828
819 503
825 609
760 116
535 732
29 827
275 721
102 821
168 736
817 587
817 198
732 729
827 312
750 264
815 580
427 744
821 297
127 678
691 641
160 824
828 539
118 816
384 822
629 828
745 544
825 125
828 278
242 733
727 96
456 718
431 687
828 552
815 739
294 743
291 719
754 793
430 741
19 791
637 766
