391 1510
1561 883
276 1791
665 1631
1365 1793
1423 1603
1595 1081
1683 430
1787 694
935 1784
1794 924
1752 1518
1784 57
1791 413
1775 1328
1768 67
1760 1677
1281 1587
1554 1159
1795 954
1785 1764
1490 1788
1590 80
1624 1717
1732 1723
1526 58
1498 894
1788 802
1795 138
317 1792
570 1674
903 1795
1374 1594
213 1789
670 1795
1433 1553
1715 1707
1735 1440
1795 511
624 1795
457 1790
195 1606
974 1785
1622 1530
1511 1208
1790 516
1795 158
686 1791
455 1782
968 1793
162 1795
1597 1730
1789 311
1580 1730
1557 690
1776 72
1748 1629
1478 1629
564 1789
70 1795
1669 1696
1794 216
1649 1646
1628 1274
1498 499
984 1784
1717 649
1726 1764
1792 1031
1526 1711
878 1540
1680 1602
1747 1553
822 1795
540 1782
746 1535
1413 1793
1613 1511
1595 650
1639 1710
432 1795
1500 1690
1654 1760
420 1793
1088 1565
1702 1674
1506 1336
1621 1684
1614 518
1654 1327
1342 1627
1651 1536
1773 290
701 1794
637 1505
1789 1341
664 1795
1539 1607
1497 1743
592 1792
1544 1419
1653 1737
946 1795
1788 369
1775 81
1080 1560
864 1577
361 1771
840 1603
1679 1723
553 1500
1680 1706
255 1778
1789 1308
1780 417
1499 1751
1729 1587
1733 1705
1737 1723
1683 1580
1788 202
395 1786
1791 559
1794 190
1575 534
1562 663
1791 467
41 1786
1663 1177
1645 1731
1745 1696
899 1728
337 1778
1792 523
1719 1646
1788 1474
1606 287
1497 463
1671 1761
1638 1727
841 1785
1360 1785
64 1648
1346 1793
578 1648
1795 628
1118 1795
1717 1680
492 1618
1529 969
1270 1792
1721 1730
1792 225
1494 719
1787 1349
1547 139
1790 1279
1552 1133
1680 1595
458 1786
1642 1113
1538 1149
1476 1795
1114 1795
1789 855
548 1778
915 1793
1378 1775
367 1639
1424 1791
11 1795
843 1598
1027 1793
1511 359
1795 679
307 1699
943 1774
1740 1701
1791 477
1781 1405
1597 1162
1050 1785
252 1794
1399 1785
1739 1719
1776 153
1518 1762
1790 811
1766 1504
1183 1795
456 1601
1788 342
1795 121
1657 1682
228 1792
1187 1690
912 1795
1711 1706
875 1795
508 1782
706 1513
1732 781
1582 1218
1674 371
1586 1596
1790 423
1668 715
1577 62
1574 1743
1594 1726
1784 159
247 1577
517 1536
1516 1678
1102 1793
633 1499
1613 1564
857 1544
1758 1522
1642 1703
1414 1792
797 1525
1792 1091
700 1521
1605 126
1641 1705
1791 749
1781 348
1654 1643
1500 1105
641 1786
1607 1426
601 1776
320 1792
1575 182
1583 589
1754 1681
1722 961
1306 1794
1624 655
871 1691
1534 1758
1794 1255
1631 1753
300 1795
845 1795
1628 392
608 1775
385 1655
1762 1549
1786 648
386 1779
277 1794
163 1569
1793 1357
1057 1795
1794 705
1001 1593
1603 1285
1795 84
1791 1029
75 1640
1287 1780
356 1787
1708 1683
1747 1514
1020 1790
1793 99
1778 415
1768 695
1792 1052
1752 1779
817 1795
949 1790
723 1787
1791 136
1388 1780
351 1783
1781 1740
152 1786
1261 1795
543 1793
1787 1166
194 1657
1665 876
1784 172
948 1783
404 1795
1740 1682
1786 9
1739 265
1786 322
1748 1524
1794 118
774 1545
1418 1795
1787 685
66 1617
1768 873
1542 298
1201 1788
65 1795
161 1795
1390 1795
1730 893
1651 1776
1353 1637
1609 1223
1724 1182
315 1523
1508 767
409 1792
1773 261
1783 497
921 1793
1720 1696
1221 1774
1762 1700
1654 654
460 1583
1726 1622
983 1790
1547 1689
1754 1753
346 1773
59 1792
490 1795
1586 1767
1636 575
1792 451
1325 1645
1740 1755
1790 111
1721 211
1755 1536
299 1712
270 1788
1554 1231
1785 1005
1795 758
1787 1765
1588 1661
896 1783
545 1795
1015 1662
37 1795
1588 1741
1712 1584
1790 696
1214 1778
1761 1743
784 1504
1615 1713
1323 1651
1682 1732
958 1790
1142 1575
1742 1512
1613 1762
1794 364
1773 1333
1085 1768
1794 1220
1784 124
1578 357
1513 1437
479 1792
752 1790
919 1686
1215 1581
1787 579
1545 565
1496 259
1530 1760
1751 1625
930 1788
1165 1610
1370 1795
1776 756
1264 1795
1282 1626
1288 1791
586 1779
215 1794
1795 1425
1795 1128
1530 1234
137 1785
1763 1789
1750 1596
1122 1788
1791 6
1795 416
1517 76
636 1795
26 1642
1103 1695
1570 1422
1794 850
1795 731
1641 571
461 1681
464 1633
721 1793
1685 1739
1667 1018
60 1795
1576 1762
730 1698
1597 1746
907 1793
827 1790
888 1725
1633 906
116 1779
1574 1754
1610 585
1082 1788
713 1788
1554 1606
1364 1627
1565 1749
1619 1690
980 1596
1244 1791
853 1517
790 1603
944 1785
1406 1790
640 1795
1778 1741
1707 1704
1787 318
1795 829
1795 612
1747 1509
1332 1774
1777 1764
1344 1694
1771 199
1792 1459
1795 263
1701 1598
1079 1561
1184 1521
1779 22
966 1794
1593 1382
1694 1617
1794 382
918 1625
1791 1175
1612 1311
1708 1584
1077 1785
1794 1145
1783 722
569 1502
179 1706
1735 1591
1549 1226
1772 1622
1777 1385
1696 1599
825 1792
12 1778
1243 1786
335 1795
720 1497
1782 824
1116 1518
1241 1788
1792 453
1793 426
697 1582
1230 1790
537 1589
1619 503
1757 1604
1197 1790
1724 1760
1773 1132
1143 1792
1785 1037
795 1788
1788 941
245 1737
1795 178
732 1785
1682 1757
1242 1785
689 1619
171 1722
1794 1456
1790 1765
725 1703
708 1793
996 1719
1559 886
1265 1541
0 1556
547 1793
1795 132
1779 750
1746 1593
1752 1627
1199 1780
1667 1026
554 1795
848 1738
805 1634
1381 1731
1462 1795
1672 1706
1695 1702
1793 1072
1054 1788
107 1781
27 1780
366 1794
1771 1181
1253 1560
1398 1768
808 1780
1362 1774
83 1789
1761 1755
1559 884
401 1793
1795 550
1523 1036
1734 1686
1701 1692
1135 1775
1769 306
1392 1794
1516 1743
1780 1765
1776 95
38 1673
1693 1708
1700 1618
1790 42
272 1795
1343 1774
1795 1055
142 1638
768 1795
1540 1749
1744 1755
180 1786
1658 1688
1793 662
1782 1196
279 1786
1592 1724
1785 267
1795 659
1732 1273
1539 1741
1687 1712
1505 291
981 1793
1787 244
928 1795
1753 1585
673 1795
1730 1686
1553 526
1560 1659
1710 1623
408 1659
258 1607
1000 1795
1740 1753
1791 1469
716 1794
1699 1703
1685 1326
995 1788
1604 483
1548 742
1647 1238
714 1795
938 1781
1747 1745
513 1768
1136 1794
970 1792
1615 18
1596 1761
1286 1789
1758 1689
1119 1653
1787 1130
466 1788
1694 1741
1678 1713
1602 891
1780 238
1785 235
1756 1565
779 1778
1535 885
1409 1702
1296 1527
1727 1708
1668 1527
1616 1769
1793 1051
1790 1766
1137 1795
1685 1619
1402 1611
1442 1795
1552 587
1435 1567
989 1795
1280 1793
1345 1724
1647 160
1608 1704
1663 1760
992 1771
1709 1649
1096 1792
50 1598
1421 1783
476 1792
676 1785
1551 544
1401 1525
616 1776
1697 1609
130 1646
1737 345
1094 1588
1486 1635
1770 1652
125 1795
1538 278
1468 1602
542 1793
1190 1675
256 1792
1787 831
28 1728
1497 910
1772 505
1042 1794
1573 1748
1303 1795
1494 1743
1582 1267
1752 1783
1691 1765
1793 610
1736 707
1657 812
1294 1795
1271 1790
1351 1605
1777 407
1661 1637
1069 1786
1571 1694
1169 1572
1431 1561
242 1792
1772 826
1779 1764
1463 1643
836 1789
44 1634
683 1794
1565 838
594 1555
1793 625
1044 1794
1022 1656
1513 1743
1011 1499
1591 148
1794 590
1721 1580
1749 1727
786 1790
1787 378
1570 1738
1696 494
576 1779
623 1580
775 1621
791 1786
1180 1591
1776 828
1758 1584
677 1658
1795 448
1794 465
1004 1794
1705 1665
1776 1150
1795 481
1670 1758
1787 1117
905 1696
1761 1711
1782 474
1629 1697
1794 932
96 1589
31 1790
1605 960
174 1594
1795 1277
1795 994
1613 1606
1560 1746
1771 1379
316 1787
1782 717
1048 1611
383 1794
620 1700
1795 380
1780 737
1710 1624
830 1620
1445 1789
1790 936
1350 1794
1249 1794
1698 308
1146 1513
1650 1700
1775 1477
406 1785
1783 1766
1789 1765
1788 273
1525 449
68 1785
1729 1719
405 1795
1795 305
110 1610
1634 1704
1552 1660
1689 1695
1773 1763
963 1769
143 1785
1792 376
1173 1647
1794 208
666 1659
1791 146
1784 1192
1086 1792
872 1794
803 1550
1795 1371
1793 101
1568 1160
1383 1794
1661 925
1376 1793
154 1501
1407 1777
1742 1538
1709 1666
173 1536
1794 957
1610 1728
1157 1572
1032 1535
1771 243
1728 1621
1753 1590
839 1768
475 1769
1772 1291
1721 1572
1728 105
1600 1733
1432 1791
1795 747
1152 1794
1732 1738
977 1507
1795 1455
156 1778
1707 1766
1717 1653
1645 1772
201 1789
1251 1524
1699 410
1795 1156
823 1777
1507 53
1070 1773
343 1794
1313 1772
1577 1748
1734 1607
1794 699
1737 1728
1795 671
1795 568
1794 529
1782 528
1530 1479
1793 1040
766 1795
1171 1795
1764 1689
733 1639
1788 1386
1787 442
1045 1534
1605 1740
1791 760
1698 1545
1699 1624
1662 1723
1660 1391
1597 1191
418 1794
1511 1733
859 1646
1512 546
1788 1373
862 1794
1793 1007
1466 1772
514 1792
1275 1793
1773 988
1788 414
1555 1756
1126 1790
1760 1746
377 1795
1678 1652
1368 1795
1714 1707
1795 493
1729 1542
1213 1793
1522 1750
1561 1742
901 1614
1781 193
1620 496
1240 1608
491 1788
916 1795
1023 1785
1016 1795
1782 1452
772 1791
1787 1475
1783 1148
1698 1625
1337 1793
1676 1617
1684 1631
1522 106
1736 1206
77 1793
438 1495
1245 1769
1793 789
189 1524
214 1795
1772 113
1507 1761
1736 1722
1252 1795
1668 1650
1793 807
1671 1713
1014 1784
1334 1731
1771 33
1400 1794
1670 486
1307 1519
997 1548
1713 1630
1109 1615
1751 1750
1585 484
17 1775
1744 1541
1127 1786
1795 1025
1795 555
1783 35
525 1584
999 1784
1794 1203
1701 1743
1185 1644
652 1789
1788 1451
1791 691
1790 1144
1567 909
1794 1687
452 1777
1064 1781
763 1520
1782 1260
1472 1586
1697 1543
1539 248
1779 181
1795 920
1658 1314
266 1712
230 1794
1794 657
1795 1330
478 1794
1681 1633
1787 427
614 1781
881 1794
800 1576
1375 1640
1782 1076
1688 1709
1790 506
702 1795
1625 1722
226 1795
1633 524
1577 437
1098 1792
923 1795
1592 1729
1736 1755
1790 1222
1589 627
1412 1790
1125 1784
1750 1693
1767 1647
1788 1767
1095 1790
1170 1795
621 1782
1767 1791
1545 7
301 1783
1754 1665
1551 1481
1789 937
1663 205
1795 908
1776 929
1747 1503
900 1703
1299 1795
1762 1650
1795 880
1641 1089
288 1562
1248 1794
1578 362
1579 1734
1549 1106
1795 462
151 1564
1651 1716
1722 1678
1786 231
1495 1318
1788 1034
1771 1608
604 1638
1644 863
1784 711
1795 240
1258 1770
73 1776
1397 1772
613 1795
1638 1742
1642 1729
1795 1134
1710 1600
1492 1774
1233 1660
1340 1625
1794 89
1777 1316
1211 1794
1725 1759
1628 597
1690 1596
114 1506
1786 1078
350 1793
1389 1777
1627 1763
1585 1690
1567 632
1529 1672
1002 1563
1793 882
558 1508
1498 1583
759 1793
1562 489
1787 1087
762 1784
734 1665
1795 754
1590 1059
1786 1488
1618 1649
1770 347
1745 1508
727 1794
1662 1219
1756 1516
1789 1320
1312 1793
239 1503
1464 1587
232 1795
535 1669
1787 1460
1063 1604
1444 1795
32 1660
1685 330
1770 428
224 1708
1563 1679
1616 1728
572 1795
1733 1738
1278 1504
998 1695
1788 354
454 1788
109 1795
1790 500
1529 753
498 1727
584 1737
43 1793
1403 1795
1673 1760
1573 643
1723 1722
1795 967
605 1617
1756 1501
1729 1626
1795 1290
1747 1495
1780 128
1097 1735
1793 397
15 1718
127 1790
1108 1781
253 1610
480 1778
792 1790
1791 8
1659 1746
1612 1718
1785 1038
1712 1702
1578 1237
1795 344
425 1782
1714 1704
1548 844
1677 1697
1766 1784
1540 739
1585 1755
1735 1677
1599 176
1775 47
1420 1792
145 1789
191 1599
1790 1331
1756 1533
1622 412
1427 1789
1700 1609
1519 1758
1605 90
521 1533
561 1623
1482 1773
1795 1763
1779 1763
1120 1544
1794 507
1508 703
441 1782
1448 1790
1795 1363
1734 1611
1689 1591
1780 1239
1793 952
1537 870
735 1795
388 1649
1794 1049
1775 303
1680 1681
1786 1256
1783 1204
79 1791
1793 773
1710 1687
1568 1743
1676 1698
1778 606
1569 698
1317 1795
188 1573
1708 1751
1454 1503
1787 1298
1571 123
1752 1559
1352 1793
1012 1795
1780 1151
1794 917
1489 1795
1633 1209
1628 1718
1301 1791
155 1527
1781 1434
1691 1702
1546 443
1790 212
1013 1512
1673 1600
1718 1701
34 1721
942 1632
108 1794
1555 851
904 1791
1691 1744
1774 751
200 1642
1781 629
1750 1566
869 1795
1794 285
1772 985
1644 940
536 1779
933 1788
1509 1748
1514 1760
602 1795
1784 495
1579 1724
294 1795
1571 389
557 1795
1578 310
1558 729
1056 1653
1664 1715
1591 1506
1562 1764
1793 1207
1266 1785
964 1566
1765 1664
1791 950
1740 1670
1061 1794
1779 1164
1035 1793
1628 1749
1795 552
1650 49
1706 1613
1100 1795
1777 1186
185 1782
1589 1687
712 1777
1691 1686
444 1781
934 1789
990 1601
1783 399
251 1794
1614 549
1367 1791
794 1790
1785 218
834 1543
1356 1789
352 1768
1794 2
1188 1795
1321 1779
1505 325
874 1590
1319 1792
1774 262
268 1781
1620 30
1115 1512
1780 668
1528 1599
1727 1176
1473 1621
567 1782
1611 88
1615 769
1540 98
1614 223
1730 1739
1664 360
1718 147
761 1733
381 1778
1247 1648
1715 1302
1556 680
1714 1705
1586 1707
581 1520
1300 1778
1750 1525
1578 1731
1579 1630
1676 1715
1783 140
1784 1485
1645 1099
1168 1779
1727 1443
1355 1795
1671 141
387 1778
914 1576
112 1778
440 1794
1725 1733
1527 692
895 1794
234 1795
1123 1652
1550 1748
1404 1794
1776 196
1581 1692
1741 1558
1697 1711
1626 1534
1767 1581
1699 1716
1060 1783
1538 36
394 1794
157 1626
1795 236
1791 868
799 1780
379 1795
539 1601
726 1678
1202 1795
1720 1761
1588 5
1515 1003
956 1795
1774 793
1791 1380
1683 744
1607 617
1531 192
1494 1236
1790 682
1765 1786
645 1787
1720 1683
1793 1745
280 1793
1672 777
1167 1786
1769 122
1570 375
289 1795
400 1788
1535 1754
1778 709
681 1795
965 1787
1553 1656
991 1793
1614 1687
281 1501
1747 1546
1579 1688
1587 372
1794 69
1515 1754
1717 1677
1324 1795
82 1670
1620 1685
1723 1640
1523 1757
1795 1163
1502 658
1748 1753
1787 798
1554 502
1634 785
1783 710
1557 626
1795 704
1671 177
23 1789
1761 1660
1550 333
510 1791
1759 1712
675 1769
1775 1763
1790 227
1655 1609
1498 1752
1784 1428
170 1786
532 1631
1200 1791
1484 1787
1793 1066
1704 434
973 1795
1652 1465
1 1524
1297 1792
1496 336
1547 622
1790 809
1046 1783
1794 856
1786 1155
1744 1781
1775 743
422 1695
1784 1268
1537 1741
607 1726
1676 1701
1793 429
1582 1720
237 1616
1793 1742
922 1794
1771 365
892 1789
1793 45
1272 1573
85 1780
1795 1335
776 1794
1792 1276
724 1668
560 1787
1680 1756
1693 1141
1789 1084
1794 370
1790 186
796 1791
1671 1043
1359 1795
1733 1648
1691 1714
1599 1544
1496 1758
1666 972
1685 1583
1795 1262
1781 1068
1773 947
1767 1542
1790 221
1794 135
1737 1707
1601 849
1644 1731
1711 1756
1608 1766
1504 319
522 1556
1780 1354
1774 741
1542 1458
1467 1532
588 1785
1783 419
687 1533
204 1775
1509 1714
1795 229
1791 1763
1795 1217
1558 979
653 1794
1765 1632
1767 1795
1229 1778
1793 1017
1537 847
1782 283
1720 1681
1774 531
1794 473
1644 327
1763 1592
341 1636
187 1656
117 1787
1793 1073
574 1770
1259 1776
1794 765
1541 246
1396 1794
1713 1720
1774 1493
168 1692
1789 1028
1309 1793
971 1588
1706 890
783 1791
1124 1793
1372 1731
631 1600
599 1795
1757 1507
1632 1205
1777 459
297 1795
1623 634
1788 293
1107 1775
1794 445
755 1783
821 1794
1785 260
515 1790
1692 1679
913 1570
1675 842
1689 482
1767 1773
1727 1729
421 1795
1765 1572
1679 1710
1688 469
1693 1684
1749 1500
1532 1657
1781 728
1041 1790
435 1539
1519 269
757 1787
1744 1520
24 1634
1749 1609
1786 1429
1665 1734
1789 326
1795 837
1557 1062
1526 1021
1692 1676
1678 1756
1790 51
1780 852
1794 368
693 1555
1792 332
1153 1770
1792 91
217 1506
1667 1715
1522 1394
1514 1417
519 1709
1619 1744
1674 656
1293 1590
1675 1677
1794 334
1487 1789
1514 1131
1719 1584
1795 955
1645 1716
93 1794
1684 939
1411 1606
1521 1369
1687 1621
1759 1534
1759 1548
1639 1711
1792 902
661 1564
1664 1008
1111 1779
1763 1792
1741 1745
1713 1626
1757 1749
1172 1788
1788 103
1604 1039
1773 1154
1636 1735
1777 363
1700 1602
1787 596
1754 1494
1531 1430
1653 1436
1724 1679
1269 1794
1750 1697
1782 1295
1690 1586
485 1784
1654 1721
1741 1751
1791 1147
1594 1682
1439 1583
1744 1575
1786 4
1593 446
1775 472
1532 1246
1216 1781
1694 1716
854 1650
1793 591
284 1791
1794 651
1792 865
1773 911
1770 1110
1579 1702
1616 1736
1292 1581
1725 63
1795 13
1661 358
1212 1795
1686 1659
1623 304
1755 1629
264 1670
1503 396
355 1768
1785 104
447 1777
1641 198
1784 424
819 1787
1651 1764
1510 672
814 1768
1618 175
1761 1684
1792 40
1569 1679
1410 1781
1683 1716
1551 1664
815 1775
1637 618
787 1794
1006 1637
1594 846
1791 660
1600 119
1762 1517
1693 1567
931 1791
1666 1718
1528 866
804 1793
1520 1193
1793 639
1648 1764
1786 1471
313 1784
1681 1598
563 1630
403 1715
1776 603
1779 374
1617 233
1315 1789
861 1794
1104 1636
1601 1581
393 1564
820 1793
1759 1502
1158 1672
1795 1310
254 1791
1776 1093
953 1602
1795 541
1777 149
609 1526
1757 1556
21 1794
1784 87
1624 1760
249 1794
1635 1461
1688 1616
1783 206
1703 219
1794 275
1794 867
1071 1656
1770 1289
858 1495
241 1772
1742 1523
1738 1735
1759 1669
1669 860
1646 1366
897 1772
1795 611
1753 1745
993 1789
1668 740
209 1770
1766 1568
1766 1695
1717 1639
764 1795
169 1794
1795 184
889 1769
20 1546
331 1795
1694 1750
520 1529
1569 1684
635 1771
207 1795
1781 1210
1519 509
1725 1734
1742 1677
1740 1731
3 1795
551 1782
1788 1766
1735 1730
1786 810
1574 1745
1709 1739
1612 646
471 1647
1746 1550
373 1793
1792 1009
1791 1198
1408 1777
1611 1395
129 1779
1794 16
1746 1557
1075 1789
1793 512
1789 1304
1673 1705
1776 1024
1785 55
1283 1786
1794 144
1705 1703
1305 1547
1612 600
832 1783
1759 1686
1789 1010
1777 959
501 1770
1779 1257
1724 1643
1794 1361
257 1716
1543 1752
1505 1762
1450 1795
1635 782
71 1788
1030 1719
1795 323
945 1792
1620 1747
1714 1682
1774 1074
1263 1789
339 1699
1194 1531
1618 1638
1749 1709
1531 1755
1789 349
1721 1688
402 1769
74 1789
1726 1763
1655 1766
1791 1446
1757 1510
566 1496
1284 1794
1674 86
1795 667
1658 338
1441 1772
1789 1112
1787 1491
1704 926
1789 642
615 1791
1470 1652
1780 1767
986 1785
296 1795
1738 210
1791 250
1666 1732
286 1515
1643 1189
1723 295
1726 1738
1576 1593
1784 1058
780 1637
14 1725
436 1563
978 1559
1415 1774
431 1793
1589 1754
1785 197
877 1793
1795 470
816 1776
1789 1339
1795 1139
1793 329
1598 951
1138 1640
1792 1174
1387 1546
1348 1781
1516 1322
1726 1641
1178 1795
1783 1083
688 1786
770 1795
1752 1693
1736 1630
1732 1745
1672 1676
94 1777
771 1795
527 1774
1767 1675
573 1792
1692 1615
1563 595
115 1675
1663 1748
133 1788
1786 274
1794 638
1566 736
1795 987
1794 1179
302 1778
1501 1698
1782 398
1587 538
56 1775
1781 25
321 1772
1785 102
1795 684
1632 1757
340 1789
97 1517
1771 1225
1592 1765
1769 619
1759 1558
1393 1585
1739 1604
1784 818
1597 678
927 1656
10 1786
1780 282
1795 1129
271 1669
48 1640
100 1528
1521 1742
384 1775
29 1794
1786 801
450 1787
1250 1789
1795 120
1744 1751
433 1792
314 1786
962 1794
898 1673
150 1793
1795 778
1786 1377
630 1795
982 1795
1053 1783
1228 1795
556 1794
1195 1791
1571 1329
1791 468
1790 1235
222 1662
1795 167
1751 1635
1666 1140
1778 328
1092 1658
1782 1746
1438 1795
1580 887
1224 1774
54 1793
1121 1736
1788 411
1794 166
1795 577
1566 1358
1787 292
1254 1734
1232 1515
1794 1067
598 1663
1792 1764
580 1795
183 1795
1764 1657
312 1795
1791 131
1739 1603
1518 1753
1655 1661
533 1662
1792 644
583 1582
745 1782
1795 78
718 1549
1509 134
1552 92
203 1551
1568 488
1791 1480
1667 1574
1782 1033
1631 1643
1794 593
1795 1090
1789 165
390 1595
220 1795
1595 833
439 1612
1758 1510
1774 1649
1543 1751
1338 1499
1795 1065
1787 647
1768 1635
1787 52
46 1632
1791 19
1502 504
353 1785
1622 1667
1769 813
788 1722
1537 1019
1773 582
1792 879
1483 1627
487 1795
61 1795
1790 1101
1788 164
1795 1161
1773 748
1457 1789
1788 1047
1449 1795
1794 39
1792 976
1384 1630
1780 835
674 1725
1770 1447
1773 806
1792 1347
1772 562
669 1623
309 1636
738 1795
1792 324
1792 530
1453 1629
1227 1779
975 1608
1781 1416
