2717 1187
379 2339
770 2718
919 2718
1762 2635
2396 2544
1098 2700
2712 1214
2595 2497
2530 2571
871 2692
1692 2718
2670 2581
1954 2494
2716 567
853 2327
419 2717
1326 2718
2661 2316
2705 1989
1896 2521
2383 2656
373 2280
71 2638
2439 645
596 2449
2654 2385
435 2500
310 2718
2628 2471
2547 2625
1980 2692
395 2708
978 2688
2632 2601
2366 2569
1870 2713
2115 2692
2045 2329
1682 2718
2681 2550
1430 2691
2716 261
1284 2718
1828 2713
1392 2566
2620 1251
2042 2714
2410 2580
2709 868
2342 99
2612 2539
2703 161
1335 2700
2611 668
2542 1655
736 2610
753 2407
1651 2705
2544 2717
2673 2409
198 2279
2605 941
2696 2679
97 2320
2564 1464
642 2718
1026 2708
990 2474
2372 710
46 2714
2710 680
415 2301
2693 766
2698 886
2065 2427
1252 2710
2692 331
2716 1582
1367 2718
2531 2369
2717 997
2714 791
1575 2703
983 2366
2698 1564
562 2430
966 2684
207 2699
2718 1556
2638 2508
2551 1492
1362 2448
1881 2718
1794 2613
352 2718
2716 494
2528 2617
2448 2675
2604 1041
2514 1177
2549 2560
2504 2636
1186 2717
1133 2718
930 2701
1951 2718
1208 2401
2699 514
2718 149
636 2699
2607 2510
1715 2695
1319 2561
2552 2460
2522 2682
2418 1262
2170 2499
2100 2700
2323 2673
2659 2291
370 2279
2639 2612
525 2359
2462 2548
2457 2555
976 2704
2717 1846
1203 2394
2468 2559
2692 241
33 2712
683 2710
2499 2520
2614 2465
2710 1699
2718 2220
2448 2668
2411 2286
2378 2416
1119 2712
2654 2379
2710 1469
880 2418
2078 2710
2716 1078
708 2687
2613 2618
932 2711
2698 914
2551 420
286 2695
2717 1023
2580 2609
2715 1724
2330 1705
320 2718
2688 2269
2713 669
2377 1542
2518 2307
2230 2705
2582 2593
2464 2627
569 2716
298 2716
35 2299
2604 2545
316 2381
2458 1047
2280 2672
2570 2407
2687 166
750 2699
2496 2569
1275 2716
2342 189
2332 2641
2713 102
2622 2592
1994 2406
1496 2705
1502 2693
2315 2649
2591 406
1409 2328
721 2379
2233 2457
1504 2709
748 2708
2236 2370
2718 84
2442 702
2585 2583
2699 1845
2545 2276
293 2696
1668 2501
950 2350
2711 505
1476 2717
2708 1238
1521 2407
2194 2347
2450 2624
2709 40
467 2714
2715 1450
2041 2710
2568 755
2710 1315
1494 2712
2646 2313
2521 856
493 2716
2713 1485
2689 244
1436 2712
2639 2352
2342 2670
1837 2702
393 2399
1748 2710
297 2718
2027 2689
2593 2555
2308 2680
362 2717
2219 2344
2512 2404
2366 1685
2043 2401
1361 2283
113 2428
479 2718
1716 2417
901 2710
2113 2561
2698 1700
2718 228
437 2682
1387 2281
2390 1937
847 2460
2369 2251
1474 2718
2321 944
2716 743
414 2450
1752 2717
2706 1517
1813 2492
2718 1720
1270 2705
2689 2149
1056 2696
2398 2443
130 2695
144 2711
2718 175
2711 898
2717 326
1016 2595
2552 1336
1536 2313
2460 911
1627 2696
2718 417
2673 2555
2201 2356
2449 656
1418 2499
280 2317
2400 2626
2354 2110
877 2705
2157 2705
2418 2616
2071 2712
2436 1795
2446 2192
2685 1039
2645 2448
2712 213
810 2707
2509 2680
2714 1817
199 2447
2716 1790
1824 2708
824 2716
938 2713
2572 2570
1048 2697
2704 440
348 2702
1819 2712
1782 2709
1623 2714
2634 2621
2699 649
2305 383
22 2380
1084 2282
2264 2717
2704 849
470 2404
2171 2712
2717 2598
2626 2527
2015 2714
2716 2142
2546 2635
365 2696
2443 2568
2694 416
363 2684
2716 212
2519 1958
1611 2717
438 2358
2420 2165
1780 2557
951 2717
2038 2718
1785 2710
1975 2455
2718 1304
840 2334
2592 2577
2517 2629
2628 2612
2712 305
480 2703
2602 2587
2713 332
2558 2662
1123 2713
2710 1628
1616 2714
1830 2708
1348 2709
2470 2584
1498 2711
2714 109
2718 1560
2694 670
2620 251
2711 991
2636 1591
2715 1205
2592 2566
2601 2543
2502 2557
1901 2691
2543 2574
749 2715
2417 2613
1520 2626
29 2718
2718 1198
1225 2277
2712 427
1862 2701
2571 188
626 2711
2712 1673
2716 1003
2524 2606
1096 2714
38 2553
2629 403
2716 360
2633 2612
2717 6
2715 347
822 2718
2433 2650
134 2718
530 2718
1314 2718
2717 518
204 2718
2026 2710
2714 252
2000 2574
2713 1344
554 2707
452 2305
2349 418
2718 154
214 2683
2223 2714
100 2694
2550 1301
2410 2239
346 2280
2598 2563
2447 2589
384 2688
2711 2258
2578 2632
2056 2706
2686 1732
1974 2717
181 2595
2444 2470
1443 2316
2576 2413
2558 1761
2606 2539
191 2457
1331 2713
1364 2717
1991 2707
462 2406
107 2717
1976 2294
2670 2340
2638 589
2481 1639
1479 2709
41 2710
2640 2495
2718 254
2718 421
685 2692
2347 2647
1633 2715
2084 2691
704 2714
2710 16
2503 2546
457 2502
1603 2323
2007 2717
2555 2606
2619 2617
1463 2708
746 2707
2456 777
225 2686
2211 2718
2281 2639
2690 1519
1100 2714
2711 398
282 2717
563 2718
2718 1126
2377 2412
2709 1729
236 2706
1439 2294
2422 2647
2713 1913
2376 761
1736 2718
989 2718
2344 799
2600 2648
2718 2076
608 2682
2287 2670
1693 2706
2713 1839
2718 2064
2667 2332
394 2714
2404 2368
1272 2718
2712 1993
1298 2348
1135 2683
2337 1734
2374 2658
2541 455
987 2717
1906 2705
2718 1461
2718 1789
478 2358
2307 812
2718 1914
2405 1997
389 2713
2031 2692
2541 1811
2598 2635
2652 2716
1525 2718
686 2403
2675 2712
485 2488
2450 986
2396 2644
1286 2696
711 2713
2718 23
2213 2718
2705 355
2715 1173
2666 2398
2636 2289
232 2706
2423 2602
2207 2701
2716 1162
2718 1212
2381 2660
1899 2713
2241 2699
422 2705
2718 444
2486 140
838 2519
2458 2670
2717 883
1936 2470
2713 884
2705 543
1040 2406
2502 2671
1049 2717
1756 2434
65 2718
2496 2567
651 2413
2481 2668
2687 1445
2707 309
2620 2602
2428 2278
2304 1216
2678 2714
2569 2670
2457 333
2134 2706
2506 2680
2698 920
2137 2718
2592 556
2669 2427
1291 2687
2717 1193
2471 2172
275 2715
627 2712
707 2717
2444 2156
2598 2644
2454 2325
1530 2709
2712 559
2699 2676
2282 2051
15 2702
2686 629
1058 2718
2544 583
2634 2582
1573 2505
700 2713
2105 2713
2693 486
2716 2009
2512 2594
2717 164
2392 155
2588 2476
193 2717
2663 2543
593 2391
2627 358
1625 2480
1629 2716
538 2718
1602 2413
2671 2643
2706 1124
2491 2649
1637 2556
2718 482
174 2706
769 2704
739 2526
1832 2348
423 2561
2376 2639
2449 870
112 2713
202 2569
2471 217
1868 2718
2614 2539
1681 2494
1462 2711
1213 2369
2128 2408
913 2710
2485 2680
2515 114
2624 2625
801 2315
2705 1893
2707 1324
2711 726
2587 2459
1070 2711
2050 2285
1220 2292
335 2705
2696 1334
2456 2585
1020 2717
1963 2281
1587 2711
2718 511
1034 2272
1353 2718
2352 531
1717 2717
2718 1378
782 2701
2608 2633
2279 2652
2330 2588
2536 2513
2658 2304
2332 909
461 2703
1323 2338
2689 267
2371 2651
1766 2300
2538 2619
988 2414
2628 2402
2708 224
2360 2654
2622 1033
2702 1089
115 2700
1148 2700
2714 1279
336 2712
2645 2611
407 2521
2714 472
2329 893
2694 1567
2717 794
1287 2703
2283 2645
2052 2319
2402 1539
985 2618
2696 964
1922 2717
2708 1065
1731 2711
2478 2554
2567 2362
2339 185
705 2718
2626 2665
628 2716
36 2695
2647 2355
582 2717
2661 2639
1072 2500
2705 322
2710 258
2689 1710
2542 1302
845 2715
2433 2654
2684 2422
2701 2655
1051 2718
2718 1415
443 2412
2677 2713
2671 2559
2716 552
1195 2691
2402 1669
1451 2697
830 2718
2274 2669
2533 253
1631 2432
2556 2617
684 2490
1253 2486
1725 2440
2424 2591
1271 2714
2716 1833
2480 1244
2350 59
1964 2453
2704 37
2688 2455
1509 2357
2712 279
1420 2717
2420 2492
2422 2186
2596 2654
2511 2575
5 2701
2467 1365
2579 2529
2445 2657
2290 2659
2717 2108
2487 2597
1457 2718
2351 2148
2711 2053
183 2709
2709 526
1961 2709
1151 2695
2305 2660
2692 874
2495 2452
2668 2276
1425 2715
2707 86
2327 2032
2405 436
858 2482
1859 2713
1671 2520
2376 1823
2718 2198
2346 329
2675 2370
318 2716
2273 2646
2562 2628
2436 2674
2529 1670
2546 2588
762 2708
2603 2578
2582 1665
2718 503
2661 2441
2715 1008
2671 2603
463 2301
735 2718
2309 20
630 2699
2710 256
2487 88
2647 2369
926 2703
8 2688
490 2718
2419 2660
763 2466
464 2508
2710 2677
1046 2718
536 2384
2717 387
1585 2291
2715 61
1305 2718
2667 2617
2712 2158
772 2682
1535 2350
2347 2650
2339 2641
2690 481
960 2717
1449 2613
2061 2718
2273 1094
1940 2718
2716 897
1108 2524
2321 2643
2711 1992
2459 2438
2711 72
2718 623
544 2539
2714 1018
2699 2188
2715 1290
425 2282
2714 210
2472 790
2525 1223
679 2401
2714 2132
2716 1765
2474 2623
2716 1831
1907 2717
2718 955
2489 1402
2693 1695
545 2715
1743 2718
2487 2648
2274 1389
2626 2539
2343 2245
2151 2712
2477 2668
1249 2296
1169 2620
2510 233
168 2702
2708 2160
2626 2611
2298 1152
1554 2709
2674 2341
2293 1648
2714 119
2683 1087
2237 2341
2527 281
1007 2522
2718 1885
2550 2437
2714 1742
969 2708
2718 402
2538 2569
2568 631
2585 2567
1037 2693
292 2713
2655 2284
2353 235
2718 2
2614 2403
2469 925
2492 1966
2718 1609
2414 2655
374 2706
2532 1955
952 2718
2716 2644
2717 1661
2274 2622
2028 2552
2635 2472
2677 2709
716 2718
2277 1772
1452 2698
1719 2426
468 2406
2500 2604
2673 2649
1032 2359
2573 2409
1549 2718
2717 1960
744 2715
2717 1751
2594 510
2632 2482
2286 2678
2694 1882
2443 328
1969 2703
2326 714
2712 560
1891 2718
2497 2667
2598 2662
1054 2702
1299 2701
211 2432
2349 1676
2271 2558
2509 2558
2718 1107
854 2697
1615 2578
2717 2123
1179 2705
2717 123
918 2439
2177 2707
2636 2298
2425 2355
1983 2579
456 2715
2408 998
1677 2718
1666 2432
240 2717
1394 2715
2380 1869
2498 1618
1012 2638
1656 2637
2312 1062
1468 2718
1274 2320
1617 2313
2180 2510
466 2506
1143 2693
2650 2594
2094 2351
832 2295
781 2328
2707 43
2673 2596
2691 1130
1825 2325
2684 2521
2373 2261
1371 2524
108 2703
2601 1727
809 2687
2528 2559
132 2688
2696 2255
2622 1486
2422 1526
172 2618
2662 2345
2623 996
2627 968
1570 2360
2717 501
2641 2327
2499 2152
2717 1161
2433 908
0 2703
2714 553
2717 1878
2608 2660
2702 259
1801 2718
2525 2693
819 2553
2646 2498
703 2371
18 2718
2533 2585
187 2465
2714 184
2565 2505
2716 150
1104 2701
1874 2563
2552 2417
2302 145
194 2711
1170 2288
2536 2563
2375 2502
2131 2712
2340 557
2338 162
2688 291
2710 1713
148 2687
1215 2717
1481 2517
1059 2718
2477 1986
2713 133
226 2718
2713 1379
924 2717
795 2710
2517 475
885 2717
1534 2293
98 2331
1025 2711
285 2714
2334 1786
2531 2403
634 2687
2675 2285
2695 74
1159 2712
2098 2713
1442 2564
2686 1809
1147 2718
1834 2718
2573 2297
995 2713
1435 2717
1194 2701
75 2374
2259 2713
9 2488
2681 2698
1306 2335
1242 2615
2560 2565
2591 2429
67 2712
2590 2546
1376 2442
1024 2392
1413 2717
2534 2672
2710 1932
2439 1533
2383 1165
842 2479
811 2490
896 2698
2631 2597
2302 2604
2718 2681
2705 146
2527 2547
388 2356
1548 2368
2004 2713
2565 2671
2303 943
2499 2631
2601 2609
2313 2640
2608 2572
637 2711
2658 2456
2275 2659
2471 2671
2665 2545
2296 2660
2587 2179
2717 1775
2643 2556
2338 2667
2700 340
850 2700
2620 2493
2546 692
2093 2325
1897 2707
2718 699
2005 2718
2628 1356
1808 2708
2278 1300
1516 2718
2668 2610
2632 2617
1857 2712
429 2374
1597 2716
375 2707
814 2692
2709 1508
2618 2183
2421 1321
2586 2399
2063 2345
2573 2462
2461 1191
2695 308
2647 2667
2609 2547
2717 2140
2637 2616
2408 2623
674 2718
1636 2700
2717 208
2664 2601
2717 607
2710 600
502 2512
2666 2390
1697 2718
2421 2585
2716 728
917 2710
2411 979
2655 2494
27 2706
2625 2672
2231 2275
2640 2648
2489 2291
1372 2718
1190 2710
312 2630
1696 2718
2002 2476
933 2708
729 2718
2505 2350
1712 2716
524 2712
1327 2511
733 2404
2501 936
1057 2709
1749 2436
2484 1189
1416 2417
2651 2393
2716 497
1132 2464
2655 2593
2672 2331
2706 1188
2596 2537
1333 2718
2484 1245
891 2693
2687 855
1740 2714
727 2717
2054 2715
1091 2714
2362 568
2003 2277
2714 949
1221 2694
454 2692
2718 1088
2656 2295
2640 2384
1768 2710
2551 1044
1180 2718
2376 2266
359 2462
2391 800
2217 2716
2382 2652
2451 688
2664 2645
2713 1456
1053 2718
2556 2527
662 2718
1524 2400
2699 2679
2642 2319
2427 2388
720 2697
1643 2718
1138 2490
1644 2695
368 2361
1769 2468
610 2707
1475 2717
2564 2637
2712 1139
2697 1021
2169 2483
1407 2343
1902 2716
663 2717
2465 2618
2673 2430
2448 14
1086 2688
2025 2718
1471 2716
2335 2023
2706 797
2483 1355
1487 2700
1579 2689
2699 321
1146 2355
2469 2610
1875 2704
820 2718
1763 2690
2583 2571
2709 881
2326 186
2478 2613
2575 2583
1947 2715
2373 1776
2428 1707
2515 2614
2293 785
2338 489
2591 2459
2664 2651
576 2635
2570 1595
1296 2695
2048 2717
367 2708
1141 2701
696 2718
2676 2367
1959 2718
2522 2576
2303 1590
2455 2687
2486 2662
2648 2306
1423 2289
723 2715
2701 965
2566 2441
2698 2074
1113 2507
2718 1231
2625 2634
376 2716
2715 1197
1105 2715
2670 2349
2580 2621
2704 2011
2622 2621
1836 2713
2371 1876
1196 2718
1939 2694
2453 2563
1532 2483
271 2708
682 2716
590 2709
1278 2439
315 2473
1163 2689
2512 2561
2630 2665
2574 2592
717 2450
1093 2714
405 2395
2716 1019
1929 2519
597 2717
2715 903
2491 126
1183 2461
2716 861
2718 1635
2496 2597
2644 2702
2340 121
1440 2716
2677 2364
632 2473
2528 1050
380 2715
2625 2619
2257 2378
129 2715
2514 2582
2640 2568
2717 79
529 2715
2612 2452
1406 2716
2709 1973
469 2398
1649 2611
2716 2066
2119 2572
2299 1900
2633 2430
343 2718
1172 2718
2665 2325
1970 2540
779 2718
2049 2567
68 2633
2644 2642
2718 239
2623 2594
401 2705
2395 2567
2490 2520
2611 2624
2173 2711
2326 2656
1589 2535
2309 1
1166 2715
1063 2691
2711 906
2469 2590
963 2715
2718 1368
2713 1678
2698 506
453 2420
2014 2714
2716 1662
2700 622
1434 2690
1694 2498
2190 2712
2468 2652
694 2402
124 2718
1380 2275
2717 1022
2520 1802
2324 2473
2397 2415
1674 2702
962 2700
1158 2716
2532 2586
2348 808
2522 1840
2528 2506
2711 738
984 2718
2718 2121
2697 937
2609 2577
442 2710
2698 1076
1650 2475
2718 44
599 2714
2521 2577
2716 2030
1956 2717
1594 2418
2443 2284
2555 2600
658 2396
2697 1838
1202 2705
2178 2504
2684 1733
2455 2635
2550 2572
2696 904
2718 1277
2437 301
2400 26
2686 1241
2542 1506
1069 2463
182 2693
2099 2717
1477 2343
1385 2713
2714 128
1339 2715
2336 2414
2427 2458
2716 2075
2476 2162
2641 2606
39 2475
270 2502
2167 2713
2570 2372
1511 2631
2373 2642
2311 2651
2652 2665
2095 2703
959 2683
2387 2491
2716 539
734 2440
2713 1234
2708 319
2276 2478
2706 927
2309 2673
2580 2641
2718 1586
2711 646
2126 2717
2710 313
2397 2669
2718 697
2557 2586
1872 2342
2564 2562
2461 2485
2491 2589
2397 2035
2410 945
2449 445
2303 879
2711 255
2008 2463
2631 2578
2141 2714
1815 2683
2535 2585
2675 2524
2493 931
2212 2714
2656 2488
1920 2718
664 2317
2718 200
2661 2562
287 2516
2538 364
2309 635
1115 2364
2399 2636
2352 1403
2716 2097
2473 2689
1667 2285
2607 1495
2718 759
2675 2708
2206 2718
2683 508
1383 2718
2708 2122
598 2716
2497 2058
2581 2386
1642 2709
2693 106
687 2709
2677 2412
2715 652
2711 105
218 2718
2120 2716
2712 1620
2464 2589
928 2718
2427 295
643 2716
2686 103
2366 644
2444 2423
203 2713
2361 2640
2407 2254
2481 981
2466 1758
2690 260
2488 1255
2535 695
2339 1688
2718 1528
2497 1370
550 2718
2706 2109
311 2715
2702 1581
2523 2666
2297 2640
2709 2267
2717 1149
1675 2695
2615 2600
1522 2688
2305 2653
327 2717
2716 1990
2714 1330
2712 495
2682 138
2699 136
2560 2627
2675 2589
2658 2696
2718 1239
1106 2451
2710 844
173 2716
2700 731
2704 1103
2712 1222
1645 2412
1171 2718
2429 1632
2713 956
2431 509
1209 2344
2367 2476
1311 2717
2446 1926
2324 935
2637 2463
2096 2717
2311 2644
2686 1303
2483 2678
2319 953
2262 2718
2718 2232
31 2685
2714 1454
2712 2674
1864 2718
2164 2419
2710 167
573 2715
655 2701
1092 2718
2318 1395
2540 764
2705 860
227 2311
606 2713
2716 2154
2085 2529
2715 2676
1718 2684
2557 2605
653 2711
2712 2068
2632 2650
2021 2688
2712 756
826 2307
2687 1689
1698 2717
2708 2067
1309 2423
2308 1178
2563 2645
2487 89
2271 2191
2711 142
2703 2679
1903 2703
392 2696
2674 2526
2716 747
2700 784
1243 2717
28 2403
2227 2423
846 2415
2153 2687
2703 2651
2564 2505
2629 2428
2611 2460
2314 460
268 2718
2479 2586
2548 2484
2715 1624
1491 2707
2457 127
1638 2703
1318 2717
2704 263
2323 693
2665 2322
1256 2278
2286 125
2549 90
391 2485
2396 1207
1917 2290
2434 2619
2718 675
752 2696
2294 2660
2718 2185
2700 624
1894 2711
2643 2358
2561 2545
413 2320
2299 1235
2215 2419
2706 2029
802 2699
82 2687
2577 2489
648 2715
2700 1328
1847 2716
1812 2345
889 2711
1293 2529
2712 1424
2139 2717
2426 2659
2289 2657
2341 869
2707 432
2111 2704
2660 2346
2306 257
2587 2435
888 2718
2715 2088
2607 2658
2401 2621
266 2483
2717 30
1565 2683
1814 2703
923 2717
2548 2413
633 2705
2717 650
2696 1199
2092 2714
787 2707
2693 2678
1569 2685
1150 2437
2714 1144
2393 1737
2684 1988
789 2529
2505 1071
2408 916
179 2717
2248 2479
2464 592
1489 2711
1505 2718
264 2716
1082 2493
2684 1559
330 2711
523 2712
2287 1121
2700 354
408 2588
1014 2691
638 2682
498 2718
2662 2292
2700 980
51 2717
2716 1237
2504 229
2625 2649
1804 2637
2652 2365
2708 929
1125 2324
2704 1426
2705 1622
2461 2667
666 2718
1259 2685
52 2469
2680 2713
2407 540
2301 2659
2710 1482
2697 912
2465 1384
1182 2713
843 2707
2314 1596
2643 2337
2467 2196
2705 2680
2691 2674
2587 2570
2709 625
2709 1647
2320 2657
2090 2708
269 2467
2718 1999
864 2718
231 2706
265 2574
2713 2070
2020 2590
796 2717
2595 2628
2654 2478
758 2380
2328 1350
2697 2659
2708 2017
2432 1473
1829 2717
2718 42
2710 780
2663 2653
1911 2714
2717 1599
690 2718
2444 2087
1601 2712
1246 2705
2414 2648
2715 1507
2717 977
118 2389
1805 2712
1921 2711
2550 2544
2434 2607
2415 1553
2450 2577
2689 283
1513 2287
2704 496
2467 2671
2715 1377
841 2535
2336 851
2202 2713
378 2717
2610 1363
2700 1038
2676 2711
91 2718
1206 2482
866 2302
1930 2710
2648 2658
2713 1916
2445 605
515 2718
1979 2708
2371 2557
2363 2646
1153 2708
2530 2655
2225 2718
2454 2560
2708 1399
2200 2708
1083 2711
1646 2715
2446 2606
1810 2718
2653 2696
828 2718
2658 2312
357 2716
541 2543
2718 120
2651 2647
2508 2597
2429 2018
1835 2372
2470 2592
2349 1683
2175 2703
2717 1396
473 2718
1497 2708
2680 2519
2378 1265
2478 2580
2708 1354
2714 1767
2509 1871
2459 382
1248 2715
2383 2639
197 2486
2710 1612
50 2321
1455 2694
458 2531
338 2547
2718 1978
2627 2528
1850 2704
2718 1630
1537 2714
2479 975
2717 2086
2703 768
2700 719
111 2698
833 2711
2668 2332
1422 2713
2647 2391
307 2709
2718 1514
2718 740
1912 2718
2713 1192
2649 2432
2718 1168
2552 2512
2594 2607
2542 1886
2033 2717
2679 2623
2714 1288
876 2717
2638 1563
95 2712
1077 2511
2718 786
2394 2590
2359 2453
2630 2489
2681 2451
2472 1360
2711 2677
1310 2687
2693 1308
2553 2424
1174 2693
2514 725
1610 2694
2534 967
872 2716
2554 2567
2715 2022
1412 2519
2226 2717
459 2696
2357 1918
2718 1131
1035 2572
2106 2447
2508 1746
2447 45
2508 546
2607 2549
2699 902
2118 2708
2270 2715
396 2688
2341 1307
1608 2561
2402 2556
2046 2383
2343 2579
2276 96
1755 2718
2455 159
2706 1783
1787 2713
1953 2362
2292 2576
2249 2718
1680 2718
2653 2573
2718 410
823 2696
2482 377
2710 1605
2559 2554
2591 2438
1257 2387
94 2707
2395 1281
1219 2468
620 2718
2493 2103
2602 2418
2440 2680
2705 1134
713 2695
2633 2476
465 2314
1217 2718
1927 2718
2712 1081
77 2353
2690 2234
1438 2717
2462 507
2717 147
2693 2411
2710 242
2308 2189
2480 1691
2627 2604
2698 2210
2307 1607
2174 2709
2697 504
2663 2555
2715 905
2112 2590
2538 2435
2280 441
2364 2558
2556 2584
83 2487
2717 1340
2718 1312
2291 2101
1347 2716
2712 304
2311 2479
205 2711
2292 1747
1224 2712
2412 302
2442 742
141 2712
2454 1518
2685 1690
2144 2718
2668 2596
2674 2435
278 2685
1861 2699
2441 2630
2699 2677
2299 2571
2281 284
2452 2605
81 2717
1112 2710
2491 2582
1686 2686
2664 2286
2400 2034
2623 2621
2695 594
1006 2331
2503 513
2599 2351
2560 2553
1865 2709
1090 2485
2709 143
2574 2534
492 2708
2613 325
2416 2503
2616 1777
2716 2655
2541 2039
2501 1122
2717 1175
1500 2718
1028 2701
2420 2397
1068 2516
2718 1619
2209 2711
2520 2681
2367 2656
2399 1484
2718 152
2691 491
2714 516
2598 2549
25 2718
1663 2715
2146 2713
2713 767
1898 2618
2578 565
1818 2289
2674 2695
1268 2714
2705 1317
428 2283
1858 2717
2024 2710
1541 2717
2310 78
2714 209
2472 2013
2600 2605
2372 2642
615 2711
2543 2624
1888 2691
386 2516
2531 2587
1276 2689
2713 1097
1285 2718
1232 2716
2715 220
1784 2453
2714 151
773 2511
2690 1904
2717 1417
974 2498
1510 2718
2469 2579
2323 2089
1998 2581
2718 915
2354 1965
2718 2161
2317 2646
1031 2717
2616 2490
2396 2694
1055 2712
2356 369
1568 2718
2441 982
2692 153
2718 922
351 2398
1503 2717
783 2718
659 2717
2677 2690
604 2714
2709 1156
1706 2609
2324 1167
715 2715
2714 2681
2451 2631
1264 2704
1437 2684
910 2712
1017 2710
2715 1109
2704 899
2543 2634
2709 170
2295 1316
2685 1538
2214 2705
2602 2544
2715 2679
613 2706
2718 1269
2713 500
2718 640
2367 2652
2431 2581
837 2718
1552 2271
2713 601
2689 1919
2664 2660
1702 2718
54 2410
2708 1010
2388 476
2318 2641
570 2365
2387 1735
2709 221
2327 2468
2650 2389
2716 273
2511 2335
2570 2641
2718 439
2718 426
603 2287
2278 2663
2560 2593
2624 2613
2603 2566
2669 2530
2716 1260
654 2273
2712 1640
2716 424
451 2711
2615 2541
2710 404
619 2711
2463 2685
2472 2665
2718 2166
2489 1613
53 2712
1781 2507
2594 2480
2204 2718
2565 2584
2440 2544
2375 2642
2718 894
551 2718
2703 2674
2536 2646
2666 2365
2517 2643
2494 1574
2713 1140
2300 2664
2347 1933
2357 2650
2506 1099
1118 2714
1841 2275
1066 2717
2484 701
2692 1015
2135 2395
2545 2488
2410 24
2431 2666
2651 2639
17 2617
2626 2619
1887 2374
677 2708
2716 399
2665 2593
2718 2077
2377 180
1793 2408
2717 1352
2548 2547
2713 1820
169 2709
859 2531
1160 2716
2446 110
2420 206
272 2717
2583 2605
2716 547
2698 1009
2661 2669
2663 2438
2674 2694
1346 2436
2370 2458
1283 2718
2228 2718
2510 2624
250 2704
2059 2684
2575 2549
2363 2639
2709 2674
2712 1714
2272 528
2415 2461
2717 609
2599 2575
2644 2673
2668 2361
1551 2711
1254 2697
2718 2676
2672 2471
2697 1480
706 2316
2708 345
160 2518
2293 2646
2379 2523
306 2718
2716 85
2715 1460
2710 1884
2507 2595
2474 1294
2382 2506
446 2695
2465 2629
2623 2671
2559 2600
2564 2662
2718 807
58 2714
2716 522
2697 1447
2037 2716
2549 2584
2393 2411
2363 641
745 2690
2642 2513
1405 2638
1329 2712
2526 2546
2710 1343
2290 1711
2718 775
2657 2700
2701 1523
2702 1080
2717 617
2102 2682
2693 1788
2713 1967
2036 2717
2475 2574
2315 1703
673 2518
2475 1029
2562 2605
1157 2699
2713 817
262 2466
2704 776
1345 2704
2062 2718
2717 471
588 2714
1261 2717
2718 1890
1944 2717
2714 1571
2707 1547
2682 803
2616 2199
63 2295
2429 572
1375 2430
1915 2707
521 2707
76 2629
2203 2714
2631 2583
447 2405
2238 2707
2690 890
2221 2695
2708 2681
1230 2694
1660 2718
2599 2495
2538 1357
448 2714
2706 1446
2714 1211
2718 1593
2477 2634
2091 2535
2701 1739
2390 2675
2712 1142
2442 667
1465 2470
2514 350
2534 1110
2530 537
339 2708
1067 2716
1754 2717
2710 1176
2333 578
1373 2717
2718 519
2509 433
2591 2551
2672 2312
2581 2653
2715 1448
2663 2277
865 2713
973 2304
499 2715
2116 2716
2709 852
586 2714
862 2517
2107 2706
2361 863
542 2718
371 2717
1233 2580
1658 2697
2348 2641
1120 2284
412 2562
2534 1606
2683 1679
2610 2310
2297 1263
994 2694
2252 2717
2716 1550
2147 2709
2537 1753
816 2360
2688 1381
878 2608
2717 1558
1512 2716
1995 2315
2622 1578
2429 1282
2686 2525
2575 2431
2713 2678
2423 1414
1136 2537
163 2715
2680 2475
2713 1295
532 2690
2458 246
2646 2657
2516 2578
2533 2040
2318 1210
1657 2710
2124 2709
2676 2704
834 2395
1641 2630
2459 2629
1229 2474
2595 1600
2593 2464
2550 2600
2222 2316
1325 2718
2709 900
2274 2466
1778 2701
2288 2670
2536 2622
2682 49
2678 2692
2473 2523
1555 2699
2656 2584
3 2333
2718 1985
602 2706
2537 1386
2565 2406
2628 2379
2579 2657
2678 2620
1800 2300
2718 1322
591 2711
2703 324
2435 2566
2187 2400
2010 2454
2523 2656
2645 2658
907 2385
2715 1529
1102 2713
2663 2540
639 2718
580 2336
595 2368
2702 1421
2691 2676
2265 2718
737 2717
2566 2589
1942 2424
2708 10
2718 1764
1941 2692
2718 122
2662 2634
2586 2424
2718 875
2688 116
2391 87
411 2482
2537 1592
1064 2686
1011 2716
2326 548
2525 2576
972 2713
157 2709
2709 647
1013 2695
2718 1320
948 2717
2503 2557
2712 2083
2434 2599
1853 2692
2268 2572
2181 2690
2718 1400
2717 857
2716 2159
2708 1701
2354 2656
934 2712
2718 158
243 2456
2718 1408
2666 2672
2718 2129
2648 2642
2695 1459
2685 2218
2715 1004
2386 1432
2384 1444
2718 156
2522 813
1000 2718
1925 2629
2513 484
19 2351
2716 1779
2477 2300
1145 2706
2709 1905
2565 2615
2715 215
1584 2297
2405 2679
196 2688
2586 2571
2697 1580
101 2378
616 2717
1073 2718
2718 815
2553 2603
1614 2695
1572 2693
216 2710
2713 612
765 2568
1934 2446
1851 2718
2575 2603
1928 2426
2632 2016
2355 1431
1419 2422
1664 2340
2717 1634
1799 2713
1879 2716
2419 585
177 2709
1760 2685
2709 512
2584 2500
92 2718
1075 2443
2533 430
2718 1227
2706 1977
1236 2718
2484 1128
2692 337
2704 778
2581 2579
1185 2496
1470 2718
2717 11
2620 2630
2687 517
1181 2717
2621 2516
2678 2712
2711 940
2643 2353
2081 2718
1228 2346
2515 993
827 2358
314 2425
2679 2599
2716 804
1889 2373
1127 2704
2411 361
2714 1577
2530 2452
2322 1478
2654 2664
1561 2714
2697 2057
2434 1952
1266 2353
798 2717
1822 2717
1493 2717
2240 2709
2718 793
294 2545
1164 2701
2596 2669
434 2701
117 2301
1052 2700
2518 1545
2682 1114
1428 2691
1895 2718
2611 2634
2681 2393
2717 1074
2717 873
2597 2625
2676 2553
2335 178
2569 2310
1342 2718
2649 2602
2334 2184
2001 2716
2467 2419
2716 2208
64 2715
2536 2589
2713 1036
2082 2712
2334 2425
2681 2710
2711 971
2710 487
1816 2718
2523 2145
2540 2474
2702 1390
2552 2672
2715 1337
2612 2624
342 2294
1155 2526
2678 2503
2612 1111
2359 2205
2684 1154
2425 274
2337 1427
2460 1043
1652 2321
2399 2588
1910 2272
222 2714
2713 724
2698 2143
1826 2709
1401 2495
2716 957
2683 1856
2635 2601
1117 2352
2438 2244
2631 2679
2716 349
2637 2466
2668 2425
2345 1972
2692 527
2364 2655
2303 2666
2421 2558
2444 836
961 2717
2712 1349
2288 1267
2711 835
2717 66
2298 2669
2603 2568
2673 2608
2702 2138
614 2496
1849 2718
2718 1280
558 2691
1204 2718
372 2688
2677 2540
2718 1079
2707 1060
2667 2649
2477 2533
409 2701
2697 299
2377 2653
2441 249
2073 2715
2510 575
2440 1709
1289 2711
1863 2710
757 2716
2263 2704
1240 2710
671 2493
2653 2416
1404 2438
2707 2080
2114 2709
385 2711
1382 2717
2717 223
1860 2433
2229 2333
678 2718
2718 1844
2615 681
2707 323
2713 2256
2708 1672
2485 2193
2718 587
247 2717
1866 2707
1359 2718
1297 2329
574 2710
2318 1880
2513 2621
397 2500
698 2702
2711 1842
2576 2571
2163 2515
7 2507
566 2604
1397 2700
2716 1557
2614 2389
1771 2702
2279 2247
2711 1351
2718 1566
1770 2706
2328 2661
1971 2718
1708 2403
2702 1792
1848 2712
2431 2573
825 2388
2271 73
2715 1798
2679 2492
2302 1821
1604 2548
2652 2701
1137 2686
2702 665
2717 1391
2439 2619
2711 549
2451 2554
2690 1745
2667 2616
1338 2717
2306 2662
2633 1803
1398 2715
1005 2614
2643 2596
1483 2716
839 2707
2235 2409
2712 1728
2617 2246
992 2414
1388 2715
2360 672
1981 2337
2416 2609
2717 1843
57 2717
722 2718
2718 1877
1946 2710
1411 2618
4 2708
2582 2597
2718 1659
2346 618
2480 2368
2638 2627
1218 2421
356 2481
2409 821
12 2322
2715 621
958 2717
2430 1116
238 2718
1247 2394
2317 1996
1001 2718
2718 2675
2447 2559
2362 1791
2647 2314
2697 1852
2698 732
1546 2583
2717 1200
2707 2168
2669 2573
2382 1429
2681 2707
1085 2682
771 2714
1030 2718
2704 774
2683 2532
2242 2716
2606 2127
288 2711
2104 2718
1908 2714
2709 718
2356 2651
1273 2702
2404 2590
2689 882
2718 788
2693 1827
1499 2718
2250 2718
2715 805
2698 1987
2454 303
2695 1797
2716 2055
2715 381
1588 2706
2298 818
2708 2130
2714 431
2717 1226
2685 2197
577 2718
2716 2125
2717 13
2296 571
2694 2182
1358 2527
1807 2401
2694 176
2650 2640
534 2452
2386 2672
2664 2501
2714 831
55 2717
2375 488
2690 1313
1393 2495
1938 2424
946 2437
2718 230
2272 2663
2687 1909
277 2330
2717 1598
1757 2712
400 2389
2319 2562
449 2486
2691 1867
939 2633
1061 2716
2437 792
2701 584
62 2696
2069 2715
2716 829
561 2421
2659 2669
2717 1626
2195 2284
2714 1540
2344 2653
2243 2702
2394 2547
2676 2551
1527 2691
1923 2716
2718 1045
1490 2718
2691 741
1759 2717
2310 2649
1892 2708
2677 2532
2417 2661
2718 1984
2697 219
2336 171
1796 2711
661 2699
2216 2365
2542 2650
1250 2463
2690 2044
2329 2671
2388 290
1721 2718
2718 1883
2497 2554
21 2718
2714 2680
520 2614
2718 2006
2330 237
2718 1730
2706 2678
2548 2551
2436 1948
1441 2415
2449 2577
533 2714
2709 1855
2390 2657
2703 1453
2718 848
1201 2713
474 2683
2117 2718
709 2308
712 2712
2426 2012
2708 2133
2385 2554
2717 234
581 2588
689 2363
2610 2616
947 2716
2711 1687
2288 1515
2711 131
2392 2599
483 2717
2712 450
2498 2642
2718 1292
2518 2608
751 2703
2442 2576
2456 1488
676 2718
2715 1466
1095 2716
1738 2712
2707 70
296 2718
1472 2717
954 2637
2375 555
2707 921
104 2703
2380 2645
2715 245
2717 2253
2392 1854
2381 1002
2079 2718
1458 2718
2282 2645
276 2563
2713 1744
2712 48
1129 2715
1653 2716
2715 1374
2296 2657
1341 2710
564 2711
69 2718
139 2716
2670 2387
1543 2694
2707 1750
892 2524
2718 895
2514 2615
2705 970
1962 2273
2715 1366
2689 1945
2694 1931
2714 1583
248 2306
2290 2176
2630 1968
2304 2666
2384 867
2636 887
47 2689
477 2513
1924 2385
2426 2648
2718 1654
2526 1101
1501 2515
1531 2716
657 2706
1684 2701
2718 344
2494 611
2717 317
2072 2398
535 2706
1774 2718
1723 2370
2707 34
2397 1722
2718 60
730 2509
2713 195
2060 2690
2636 2619
2333 2659
165 2717
2717 1576
2155 2709
2386 579
2689 80
2445 1369
2260 2615
2718 999
760 2331
2136 2715
2718 806
137 2433
2706 1741
1950 2610
2357 1726
2711 1982
2698 190
754 2532
1806 2702
2708 2224
390 2698
2709 1467
1433 2714
2703 300
2322 1562
32 2501
2285 2654
2711 366
1949 2525
2405 2661
2381 1943
691 2717
192 2541
2354 2644
1957 2632
2507 2675
1027 2717
1258 2706
1773 2713
942 2716
2709 1873
2716 1332
2696 2019
2047 2435
2708 1184
93 2718
1704 2413
1042 2718
2715 334
1410 2716
660 2714
1544 2445
2715 289
2312 201
1621 2718
2718 56
2707 135
2708 1935
2702 2150
341 2394
353 2416
